#Accelerometer
accelerometer_noise_density: 0.0012655720309610252 
accelerometer_random_walk: 5.6386016813618435e-05 

#Gyroscope
gyroscope_noise_density: 0.0007294729852113113 
gyroscope_random_walk: 6.996094830870257e-06 

rostopic: '/imu/data'
update_rate: 200.0

