camera_number: 2
cam0: # left_regular_camera
  T_cam_imu: # transformation from IMU to left regular camera
  - [0.017014304328419078, -0.999823414494766, 0.0079783003357361, 0.07138061555049913]
  - [0.008227025113892006, -0.007839192351438318, -0.9999354294758499, -0.015324174578544]
  - [0.999821398803804, 0.01707884338309873, 0.008092193936149267, -0.14279853029864117]
  - [0.0, 0.0, 0.0, 1.0]
  camera_model: pinhole
  distortion_coeffs: [-0.31576, 0.104955, 0.00032, -0.000156]
  distortion_model: radtan
  intrinsics: [886.191073, 886.591633, 610.578911, 514.59271]
  resolution: [1224, 1024]
  rostopic: /camera/left/image_mono
  timeshift_cam_imu: 0.008468256349302889
cam1: # right_regular_camera
  T_cam_imu: # transformation from IMU to right regular camera
  - [0.009776735697359762, -0.9998459603712744, -0.014576383925661074, -0.09932466700287404]
  - [0.00622553910421203, 0.014637659992240482, -0.9998734827831038, -0.01319591806009756]
  - [0.9999328267948634, 0.009684752923841855, 0.006367688657451687, -0.13869488934651844]
  - [0.0, 0.0, 0.0, 1.0]
  T_cn_cnm1:
  - [0.9997127003441749, 0.02249370907052122, -0.007419127826117895, -0.1714]
  - [-0.02250629092947877, 0.9997386391766124, -0.0016167376980750425, 0.0035]
  - [0.007380872173882104, 0.0017832623019249573, 0.9999644175351475, 0.0036]
  - [0.0, 0.0, 0.0, 1.0]
  camera_model: pinhole
  distortion_coeffs: [-0.311523, 0.09641, 0.000623, -0.000375]
  distortion_model: radtan
  intrinsics: [887.804282, 888.04815, 616.177573, 514.712952]
  resolution: [1224, 1024]
  rostopic: /camera/right/image_mono
  timeshift_cam_imu: 0.008392591842193153
