camera_number: 4
cam0:
  camera_name: left_regular_camera
cam1:
  camera_name: right_regular_camera
  # transformation from right regular camera to left regular camera
  T_cam0_cam1: [ 0.9997191305673184  , -0.02252628900139945 , 0.007363849642027895,  0.1714036578401799   ,
                 0.02251384278277662 ,  0.9997449667048566  , 0.001768737249467463,  0.0003819750172057945,
                -0.007401814701637792, -0.001602451912123021, 0.9999713222322889  , -0.004859483606878026 ,
                 0                   ,  0                   , 0                   ,  1                    ]
cam2:
  camera_name: left_event_camera
  # transformation from left event camera to left regular camera
  T_cam0_cam2: [ 0.9998732356434525 , 0.01166113698213495, -0.01084114976267556, -0.0007543180009142757, 
                -0.01183095928451621, 0.9998062047518974 , -0.01573471772912168, -0.04067615384902421  , 
                 0.01065556410055307, 0.01586098432919285,  0.9998174273985267 , -0.01466127320771003  ,
                 0                  , 0                  ,  0                  ,  1                    ]
cam3:
  camera_name: right_event_camera
  # transformation from right event camera to left regular camera
  T_cam0_cam3: [ 0.9999556435596104  , -0.008932688408805093,  0.0029863005670183,  0.1709356441270855 ,
                 0.008975438668209301,  0.9998528019716528  , -0.0146224447390995, -0.04063388858121166,
                -0.002855243246833436,  0.01464859949708519 ,  0.9998886268573992, -0.01878612060866672,
                 0                   ,  0                   ,  0                 ,  1                  ]
