camera_number: 2
cam0:
  camera_name: rgbd_color_camera
  camera_model: pinhole
  distortion_coeffs: [0.902495, -2.96383, 0.000432662, -0.000477238, 1.60099, 0.781251, -2.80924, 1.54229]
  distortion_model: radtan
  intrinsics: [602.965, 602.786, 640.028, 364.642]
  resolution: [1280, 720]
  rostopic: /kinect/color_image
cam1:
  camera_name: rgbd_depth_camera
  camera_model: pinhole
  distortion_coeffs: [5.3633, 3.35493, -1.08168e-05, -1.43868e-05, 0.163032, 5.69124, 5.13437, 0.887861]
  distortion_model: radtan
  intrinsics: [504.574, 504.674, 321.848, 336.139]
  resolution: [640, 576]
  rostopic: /kinect/depth_image
  # transformation from rgbd depth camera to rgbd color camera
  T_cam0_cam1: [ 0.999999  ,  0.000504241, -0.00124884, -0.0320054 ,
                -0.00037795,  0.995074   ,  0.0991371 , -0.00184325,
                 0.00129268, -0.0991365  ,  0.995073  ,  0.00405237,
                 0.0       ,  0.0        ,  0.0       ,  1.0       ] 
