camera_number: 2
cam0: # left_regular_camera
  T_cam_imu: # transformation from IMU to left regular camera
  - [0.017248643674008135, -0.9998037138739959, 0.009747718459772736, 0.07733078169916466]
  - [0.012834636469124028, -0.009526963092989282, -0.999872246379971, -0.016637889364465353]
  - [0.9997688514842376, 0.017371548520172697, 0.01266779001636642, -0.14481844113148515]
  - [0.0, 0.0, 0.0, 1.0]
  camera_model: pinhole
  distortion_coeffs: [-0.31576, 0.104955, 0.00032, -0.000156]
  distortion_model: radtan
  intrinsics: [886.191073, 886.591633, 610.578911, 514.59271]
  resolution: [1224, 1024]
  rostopic: /camera/left/image_mono
  timeshift_cam_imu: 0.008375665182111344
cam1: # right_regular_camera
  T_cam_imu: # transformation from IMU to right regular camera
  - [0.014447870885660574, -0.9997787221387724, -0.015289401081614196, -0.09375829054484337]
  - [0.01108843210124949, 0.015450259055501236, -0.9998191517312787, -0.015076213124111792]
  - [0.9998341390952836, 0.014275722527461954, 0.011309201824693582, -0.14050229888646543]
  - [0.0, 0.0, 0.0, 1.0]
  T_cn_cnm1:
  - [0.9996894960319366, 0.024997907181299288, -0.0031168775701669953, -0.1711]
  - [-0.0250020928187007, 0.9996933903749788, -0.0013112440981350468, 0.0033]
  - [0.0030831224298330036, 0.0013887559018649534, 1.0000011322388327, 0.0041]
  - [0.0, 0.0, 0.0, 1.0]
  camera_model: pinhole
  distortion_coeffs: [-0.311523, 0.09641, 0.000623, -0.000375]
  distortion_model: radtan
  intrinsics: [887.804282, 888.04815, 616.177573, 514.712952]
  resolution: [1224, 1024]
  rostopic: /camera/right/image_mono
  timeshift_cam_imu: 0.008415704144667583
