camera_number: 5
cam0:
  camera_name: left_regular_camera
cam1:
  camera_name: right_regular_camera
  # transformation from right regular camera to left regular camera
  T_cam0_cam1: [ 0.9996848603766697  , -0.02491591723946596 , 0.003062189052730629,  0.1711683160067151  ,
                 0.0249119561277799  ,  0.9996887710199085  , 0.001324967393012427,  0.001026780628874198, 
                -0.003094248788664189, -0.001248264723950675, 0.9999944337143146  , -0.004602180886846116,
                 0                   ,  0                   , 0                   ,  1                   ]
cam2:
  camera_name: left_event_camera
  # transformation from left event camera to left regular camera
  T_cam0_cam2: [ 0.9999407352369797  , 0.009183655542749752,  0.005846920950435052,  0.0005085820608404798, 
                -0.009131364645448854, 0.9999186289230431  , -0.008908070070089353, -0.04081979450823404  ,
                -0.005928253827254812, 0.008854151768176144,  0.9999432282899994  , -0.0140781304960408   ,
                 0                   , 0                   ,  0                   ,  1                    ]
cam3:
  camera_name: right_event_camera
  # transformation from right event camera to left regular camera
  T_cam0_cam3: [ 0.9998950454303925  , -0.01084408450654509 , -0.00960749472903985 ,  0.1707305331537136 , 
                 0.01077066454096101 ,  0.9999126470245011  , -0.007661012061206358, -0.04041847718387014,
                 0.009689732147985561,  0.007556728900177175,  0.9999244996194612  , -0.01730941104291421,
                 0                   ,  0                   ,  0                   ,  1                  ]
cam4:
  camera_name: rgbd_color_camera
  # transformation from rgbd color camera to left regular camera
  T_cam0_cam4: [ 0.999967982913079   , -0.006664676837457846, 0.004428908601503605,  0.1175760281910061   ,
                 0.006555580497133642,  0.9996854763455851  , 0.0242068739833534  , -0.03554784200383763  ,
                -0.004588846597329307, -0.02417706488291339 , 0.9996971601542908  , -0.0005476378655976542,
                 0                   ,  0                   , 0                   ,  1                    ]
